4294967278,250
4294967279,35
4294967279,34
4294967279,32
4294967278,456
4294967278,348
4294967278,0
26,4
4294967278,242
70,5
4294967279,30
4294967279,29
4294967279,28
4294967279,27
4294967279,26
4294967278,240
70,7
70,6
69,7
70,4
67,4
4294967279,260
4294967279,23
4294967279,21
4294967279,20
4294967279,19
4294967279,18
4294967279,16
4294967279,14
4294967279,12
4294967279,11
4294967279,9
4294967278,344
4294967278,235
4294967294,424
4294967294,76
4294967278,232
4294967279,419
4294967278,230
4294967278,228
4294967278,225
4294967294,38
4294967294,37
4294967294,1422
4294967294,45
4294967294,44
4294967294,53
4294967294,1018
4294967294,40
4294967294,43
4294967294,1424
4294967294,1
4294967294,1423
4294967278,223
4294967278,224
4294967278,221
4294967278,219
4294967294,42
73,7
4294967278,217
73,6
73,5
4294967278,215
73,4
73,3
73,2
73,1
4294967278,214
4294967278,450
4294967294,415
4294967294,51
4294967278,363
4294967294,75
4294967294,127
4294967294,14
4294967294,126
4294967294,13
4294967294,437
4294967294,88
4294967294,86
4294967294,84
4294967294,436
4294967294,147
4294967294,186
4294967294,988
4294967294,82
4294967278,321
4294967294,17
4294967294,99
4294967294,1023
4294967278,320
4294967294,0
4294967294,5
4294967279,455
4294967294,107
4294967294,50
4294967294,92
4294967294,90
4294967279,406
4294967278,319
4294967294,22
4294967278,318
4294967278,207
4294967294,393
4294967294,46
4294967294,389
4294967294,114
4294967294,2
4294967294,428
4294967294,1021
4294967294,417
4294967294,29
4294967294,987
4294967294,28
4294967294,989
4294967294,27
4294967294,91
4294967294,87
4294967294,85
4294967294,41
4294967294,36
4294967294,39
4294967278,206
4294967278,449
4294967278,205
4294967294,94
4294967294,96
4294967278,203
72,6
72,5
4294967278,202
72,4
72,2
72,1
4294967279,385
4294967278,201
4294967294,8
0,7
4294967278,360
4294967279,454
4294967279,411
4294967279,0
4294967278,341
4294967294,990
54,4
4294967278,359
48,4
69,4
4294967279,384
4294967294,81
4294967294,9
4294967294,472
4294967294,1038
4294967294,30
4294967294,1011
4294967294,1010
4294967294,1008
4294967294,1007
4294967294,1002
4294967294,991
4294967294,967
4294967294,965
4294967294,964
4294967294,963
4294967294,962
4294967294,60
4294967278,288
4294967294,18
4294967294,20
52,4
4294967278,132
4294967278,131
4294967278,130
4294967278,129
4294967278,128
4294967278,127
4294967278,126
4294967278,125
4294967278,124
4294967278,123
4294967278,122
4294967278,121
4294967278,120
4294967278,119
4294967278,118
4294967278,117
4294967278,116
4294967278,115
4294967278,114
4294967278,113
4294967278,112
4294967278,111
4294967278,110
4294967278,109
4294967278,108
4294967278,107
4294967278,106
4294967278,105
4294967278,104
4294967278,103
4294967278,102
4294967278,101
4294967278,100
4294967278,99
4294967278,98
4294967278,97
4294967278,96
4294967278,95
4294967278,94
4294967278,93
4294967278,92
4294967278,91
4294967278,90
4294967278,89
4294967278,87
4294967278,86
4294967278,85
4294967278,84
4294967278,83
4294967278,82
4294967278,358
4294967278,81
4294967278,316
4294967278,80
4294967278,315
4294967278,79
4294967278,78
4294967278,313
4294967278,77
4294967278,76
4294967278,75
4294967278,74
4294967278,73
4294967278,308
4294967278,72
4294967278,71
4294967278,305
4294967278,70
4294967278,304
4294967278,69
4294967278,68
4294967278,67
4294967278,66
4294967278,65
4294967278,64
4294967278,63
4294967279,291
4294967279,83
4294967279,81
4294967279,133
4294967279,318
4294967279,78
4294967279,75
4294967279,312
4294967279,72
4294967279,310
4294967279,69
4294967279,67
4294967279,66
4294967279,64
4294967279,61
4294967279,58
4294967279,55
4294967279,53
4294967279,45
4294967279,39
4294967279,37
4294967279,33
4294967279,31
4294967279,25
4294967279,24
4294967279,22
4294967279,17
4294967279,15
4294967279,13
4294967279,10
4294967279,8
4294967279,7
4294967279,6
4294967279,5
4294967279,4
4294967294,93
4294967294,95
4294967294,471
4294967294,67
4294967294,1421
4294967294,52
4294967294,12
4294967294,25
4294967294,26
4294967294,1035
4294967294,83
4294967294,11
0,5
4294967294,7
4294967294,6
4294967294,68
4294967278,455
4294967294,478
71,6
71,5
71,4
71,2
71,1
4294967279,453
4294967294,477
4294967294,474
4294967278,452
4294967293,131
4294967293,130
4294967293,129
4294967293,128
4294967293,127
4294967293,126
4294967293,125
4294967293,124
4294967293,123
4294967293,122
4294967293,121
4294967293,120
4294967293,119
4294967293,118
4294967293,117
4294967293,116
4294967293,115
4294967293,114
4294967293,113
4294967293,112
